type,exported_with_version,project,last_name,first_name,born,sex
person,3.16.96,"16-07-2021_EvalMaestro","be","",,male
